RECIP_ID
2931688
